8.180792539787973966e-03
3.374093145636510114e-03
-2.733153283563367984e-03
-8.069113761747742294e-03
-9.925032654075648109e-03
-5.858383893969194671e-03
5.332949456855658361e-03
2.295701199554409100e-02
4.439247663267260890e-02
6.573995310414397497e-02
8.295204381726481446e-02
9.302773220936715048e-02
9.481279237136867877e-02
8.909449838617894413e-02
7.796271909842798775e-02
6.371523254874100761e-02
4.778273918316315594e-02
3.014962024043910116e-02
9.542342951647832250e-03
-1.567128871508223151e-02
-4.624557170066189576e-02
-8.102528482199798654e-02
-1.166048160665117128e-01
-1.478986124411195147e-01
-1.694748825086836719e-01
1.822816032745718795e+00
-1.694748825086836719e-01
-1.478986124411195147e-01
-1.166048160665117128e-01
-8.102528482199798654e-02
-4.624557170066189576e-02
-1.567128871508223151e-02
9.542342951647832250e-03
3.014962024043910116e-02
4.778273918316315594e-02
6.371523254874100761e-02
7.796271909842798775e-02
8.909449838617894413e-02
9.481279237136867877e-02
9.302773220936715048e-02
8.295204381726481446e-02
6.573995310414397497e-02
4.439247663267260890e-02
2.295701199554409100e-02
5.332949456855658361e-03
-5.858383893969194671e-03
-9.925032654075648109e-03
-8.069113761747742294e-03
-2.733153283563367984e-03
3.374093145636510114e-03
8.180792539787973966e-03
